8 0.337209 0.75516 0.395967 0.487815
8 0.878187 0.618388 0.243156 0.706307
8 0.588736 0.638906 0.310093 0.408254
8 0.110685 0.791918 0.221138 0.414913
8 0.316316 0.449921 0.29685 0.249804
8 0.128124 0.346907 0.0534116 0.204837
8 0.730123 0.305734 0.259847 0.516444
8 0.788306 0.303344 0.382772 0.523274
8 0.337209 0.75516 0.395967 0.487815
8 0.878187 0.618388 0.243156 0.706307
8 0.588736 0.638906 0.310093 0.408254
8 0.110685 0.791918 0.221138 0.414913
8 0.316316 0.449921 0.29685 0.249804
8 0.128124 0.346907 0.0534116 0.204837
8 0.730123 0.305734 0.259847 0.516444
8 0.788306 0.303344 0.382772 0.523274
