11 0.543952 0.471474 0.709591 0.902049
11 0.307536 0.431328 0.237861 0.34986
11 0.559846 0.420479 0.246189 0.375649
11 0.778271 0.425765 0.216692 0.361743
11 0.524768 0.483867 0.796914 0.962855
11 0.674076 0.736195 0.236833 0.360191
11 0.543952 0.471474 0.709591 0.902049
11 0.307536 0.431328 0.237861 0.34986
11 0.559846 0.420479 0.246189 0.375649
11 0.778271 0.425765 0.216692 0.361743
11 0.448934 0.187916 0.233206 0.335227
11 0.524768 0.483867 0.796914 0.962855
11 0.674076 0.736195 0.236833 0.360191
